7,4
7,3
7,2
7,1
6,9
6,8
6,7
6,6
6,5
6,4
6,3
6,2
6,1
4,3
4,2
4,1
4,0
3,6
3,5
3,4
3,3
3,2
3,1
3,0
2,75
2,74
2,73
2,72
2,71
2,70
2,69
2,68
2,67
2,66
2,65
2,64
2,36
2,35
2,34
2,33
2,32
2,31
2,30
2,29
2,28
2,27
2,26
2,25
2,24
2,23
2,22
2,21
2,20
2,19
2,18
2,17
2,16
2,15
2,14
2,13
2,12
2,11
2,10
2,9
2,8
2,7
2,5
2,4
2,3
2,1
1,6
1,5
1,4
1,3
1,1
0,501
0,498
0,476
0,465
0,463
0,462
0,461
0,460
0,458
0,453
0,452
0,451
0,448
0,446
0,443
0,442
0,440
0,424
0,414
0,409
0,371
0,370
0,364
0,356
0,354
0,336
0,333
0,328
0,324
0,317
0,316
0,9
0,1
0,449
0,507
0,474
0,509
0,496
0,497
0,454
0,445
0,557
0,300
0,369
0,299
0,378
0,298
0,323
0,297
0,329
0,296
0,344
0,295
0,343
0,294
0,377
0,293
0,362
0,292
0,342
0,291
0,376
0,290
0,471
0,289
0,341
0,288
0,375
0,287
0,338
0,286
0,493
0,285
0,470
0,284
0,374
0,283
0,353
0,282
0,550
0,281
0,320
0,280
0,549
0,279
0,556
0,278
0,555
0,277
0,468
0,276
0,347
0,275
0,327
0,274
0,554
0,273
0,325
7,5
7,6
8,1
8,2
9,1
9,2
10,1
10,3
10,4
11,2
11,3
12,1
12,3
12,4
12,6
12,7
12,9
12,10
12,12
12,14
13,1
13,3
13,4
14,2
14,4
14,5
14,7
15,1
15,3
15,4
17,1
17,3
17,4
18,2
18,3
19,1
19,3
19,4
20,2
20,3
21,2
21,3
23,1
23,3
23,4
24,2
24,3
25,1
25,3
25,4
26,2
26,3
26,5
26,7
26,8
28,2
28,3
29,1
29,2
31,1
31,3
31,4
32,2
32,3
32,5
32,7
32,8
33,1
33,2
33,4
35,1
35,3
37,1
37,2
38,1
38,2
38,4
39,2
39,3
41,1
41,2
41,4
42,1
42,3
44,2
44,3
45,1
45,2
45,4
46,1
46,2
46,4
47,1
47,3
48,1
48,2
48,4
49,1
49,3
50,1
50,3
51,1
51,2
51,4
51,5
52,1
52,3
52,4
54,2
54,3
55,1
55,2
55,4
56,2
56,3
57,1
57,2
57,4
58,1
58,2
59,1
59,2
60,1
60,2
61,1
61,3
62,1
62,3
62,4
62,6
63,2
63,3
64,1
64,2
65,1
65,2
66,1
66,3
66,4
67,1
67,2
67,4
68,2
68,3
69,1
69,2
69,4
70,2
70,3
71,1
71,2
71,4
72,1
72,3
73,2
73,3
74,2
74,3
75,1
75,3
76,1
76,3
77,1
77,3
78,1
78,3
79,1
79,2
79,4
80,1
80,3
81,1
81,2
82,1
82,2
83,1
83,2
85,1
85,3
86,1
86,3
86,4
87,2
88,1
88,2
88,4
89,1
89,3
90,1
90,2
90,4
91,1
91,3
91,4
92,2
92,4
93,1
93,3
93,4
94,2
94,4
95,1
95,3
95,4
96,2
96,3
97,1
97,3
97,4
98,2
98,3
99,1
99,3
99,4
100,2
100,3
101,1
101,2
101,4
102,2
102,3
104,1
104,2
117,1
117,3
117,4
118,2
118,3
120,2
120,3
123,1
123,3
123,4
124,2
124,3
125,1
125,3
127,1
127,3
127,4
129,2
129,4
130,1
130,3
131,1
131,3
131,4
131,6
133,2
133,3
135,1
135,2
135,4
137,2
137,3
137,5
137,6
137,8
138,1
138,3
140,1
140,2
140,4
142,1
142,3
143,1
143,2
144,1
144,2
144,4
145,1
145,3
146,2
146,3
148,1
148,2
148,4
149,2
149,3
149,5
150,1
150,3
152,1
152,2
152,4
152,5
153,2
153,3
153,5
154,2
154,3
154,5
154,6
157,2
157,4
158,1
158,3
158,4
159,2
159,3
160,2
161,1
161,2
161,4
161,5
161,7
161,9
161,10
162,1
162,2
162,4
163,1
163,3
165,1
165,2
165,4
166,1
166,3
169,2
169,3
170,1
170,2
170,4
170,6
170,7
170,9
170,10
171,1
171,2
172,1
172,3
172,4
173,2
173,3
174,2
175,1
175,2
176,1
176,2
176,4
177,1
177,3
179,1
179,2
179,4
182,1
182,3
183,1
183,2
183,4
185,1
185,3
185,4
187,2
187,4
189,1
189,3
189,4
191,2
191,4
194,1
194,3
194,4
195,2
195,3
196,2
196,4
196,5
196,7
196,8
196,10
197,2
197,3
198,1
198,2
198,4
199,2
199,3
201,2
201,3
202,1
202,2
203,1
203,3
203,4
203,6
204,1
204,3
204,5
204,6
206,1
206,2
206,4
207,1
207,3
208,1
208,2
209,1
209,2
210,1
210,3
211,1
211,3
212,1
212,3
212,4
212,6
213,2
213,3
214,1
214,2
214,4
216,1
216,2
216,4
218,1
218,3
219,2
219,3
220,2
220,3
221,2
221,3
222,2
223,1
223,2
224,1
224,2
225,1
225,3
225,4
226,2
226,3
227,2
227,3
227,5
228,2
228,3
229,2
229,3
230,1
230,3
231,1
231,3
231,4
231,6
232,1
232,3
233,1
233,2
235,1
235,2
236,1
236,3
237,1
237,3
237,4
237,6
238,1
238,3
238,5
239,1
239,3
239,4
240,2
241,1
241,2
242,1
242,2
244,1
244,3
245,1
245,3
246,1
246,3
247,1
247,3
249,1
249,2
249,4
249,5
251,2
252,1
252,2
254,1
254,2
254,4
254,5
255,2
255,4
256,1
256,3
256,4
257,1
257,3
258,1
258,3
258,4
259,2
259,3
262,1
262,3
263,1
263,3
263,4
265,2
265,4
266,1
266,3
268,1
268,3
269,1
269,2
269,4
270,1
270,3
270,4
273,1
273,3
273,4
274,2
274,3
274,5
275,1
275,2
277,1
277,2
277,4
279,1
279,3
280,1
280,2
280,4
280,5
282,1
282,3
282,4
283,2
283,3
285,2
285,3
287,1
287,3
287,4
289,2
289,3
291,1
291,3
291,4
293,2
293,3
295,1
295,2
296,1
296,3
296,4
297,2
297,3
298,1
298,3
298,4
298,6
298,7
298,9
298,11
298,12
298,14
298,15
300,0
300,1
300,3
301,1
301,2
301,4
303,0
303,2
303,4
304,0
304,2
304,3
304,5
305,0
305,2
306,0
306,1
306,3
308,0
308,2
311,0
311,1
311,3
311,4
312,1
312,2
312,4
313,0
313,1
313,3
313,4
314,1
314,3
315,0
315,2
315,3
317,0
317,2
317,3
318,0
318,1
318,3
319,0
319,2
319,4
319,5
319,7
319,8
319,10
320,1
320,2
320,4
321,0
321,2
321,3
322,1
322,3
322,4
322,6
322,7
323,0
323,2
323,3
324,1
324,2
326,0
326,1
326,3
328,0
328,1
328,3
330,0
330,2
330,4
331,0
331,2
331,3
334,0
334,2
334,3
335,0
335,1
335,3
335,4
338,1
338,3
339,0
339,2
339,3
340,1
340,3
341,0
341,2
341,3
341,5
341,6
343,1
343,3
343,4
343,6
343,7
344,1
344,3
344,4
344,6
344,7
345,1
345,2
345,4
346,0
346,1
346,3
347,0
347,2
347,4
347,5
347,7
347,8
348,0
348,1
348,3
348,5
348,6
349,1
349,2
349,4
349,6
350,0
350,2
350,3
351,0
351,2
351,3
351,5
351,6
351,8
351,9
351,11
351,13
351,14
352,0
352,1
352,3
352,5
354,0
354,2
354,3
354,5
354,6
357,0
357,2
357,3
357,5
360,0
360,2
360,4
360,5
363,1
363,2
363,4
363,5
366,1
366,3
366,4
367,0
367,1
367,3
370,0
370,1
370,3
370,4
373,0
373,2
373,3
373,5
376,0
376,2
376,3
376,5
379,1
379,2
379,4
379,5
382,1
382,3
382,4
385,0
385,1
385,3
385,4
388,0
388,2
388,3
388,5
393,0
393,2
393,4
393,5
393,7
393,8
393,10
393,11
394,1
394,3
394,4
394,6
395,0
395,2
395,4
395,5
396,1
396,2
396,4
396,5
399,0
399,2
399,3
399,5
399,6
401,0
401,2
401,3
401,5
401,6
404,1
404,3
404,4
404,6
404,7
404,9
405,0
405,2
405,4
405,5
408,1
408,2
408,4
408,6
408,7
409,1
409,2
409,4
411,0
411,2
411,4
411,5
412,0
412,1
412,3
412,5
412,6
413,1
413,2
413,4
413,5
414,1
414,3
414,4
418,0
418,1
418,3
418,5
418,6
418,8
419,0
419,2
419,4
419,5
420,1
420,2
420,4
425,0
425,2
425,4
425,5
425,7
425,8
425,10
425,12
429,0
429,2
429,3
429,5
429,6
429,8
429,10
431,0
431,2
431,3
431,5
431,7
431,8
434,1
434,2
434,4
434,5
434,7
436,1
436,2
436,4
436,5
436,7
437,0
437,1
437,3
437,4
438,1
438,2
438,4
440,0
440,1
440,3
440,4
440,6
441,0
441,1
441,3
441,4
442,1
442,3
443,0
443,2
443,3
443,5
443,6
444,0
444,2
444,3
444,5
444,6
444,8
444,10
444,11
444,13
447,0
447,2
447,3
447,6
449,0
449,1
449,3
449,4
449,6
450,1
450,2
450,4
450,5
450,7
450,8
451,1
451,3
451,4
452,1
452,2
452,4
457,1
457,2
457,4
457,5
457,7
457,9
457,10
457,12
457,13
457,15
457,16
458,1
458,3
458,4
458,6
461,0
461,2
461,4
461,5
464,0
464,1
464,3
464,4
464,6
464,8
464,9
465,0
465,1
465,3
467,0
467,1
467,3
467,4
468,0
468,1
468,3
468,5
469,0
469,2
469,3
469,5
472,1
472,2
472,4
472,5
472,7
478,1
478,2
478,4
478,5
478,7
478,8
478,10
478,12
478,13
480,1
480,2
480,4
480,6
484,0
484,2
484,3
484,5
484,6
484,8
485,1
485,2
485,4
485,5
485,7
489,0
489,1
489,3
489,4
489,6
489,7
489,9
489,11
489,12
490,1
490,2
490,4
490,6
491,0
491,2
491,3
493,1
493,2
493,4
493,6
493,7
493,9
493,10
496,1
496,3
496,4
496,6
496,7
504,1
504,3
504,4
504,6
504,7
504,9
504,10
505,0
505,2
505,3
505,5
507,0
507,2
507,4
507,5
509,1
509,2
509,4
509,5
510,0
510,2
510,3
510,5
511,0
511,2
512,0
512,1
512,3
512,4
513,0
513,1
513,3
513,5
515,0
515,2
515,3
515,5
516,0
516,1
516,3
516,4
517,1
517,3
517,4
517,6
517,7
517,5
517,2
517,0
516,2
515,6
515,4
515,1
513,4
513,2
512,5
512,2
511,3
511,1
510,4
510,1
509,6
509,3
509,0
507,3
507,1
505,4
505,1
504,11
504,8
504,5
504,2
504,0
496,5
496,2
496,0
493,8
493,5
493,3
493,0
491,1
490,5
490,3
490,0
489,10
489,8
489,5
489,2
485,8
485,6
485,3
485,0
484,7
484,4
484,1
480,5
480,3
480,0
478,11
478,9
478,6
478,3
478,0
472,6
472,3
472,0
469,4
469,1
468,4
468,2
467,5
467,2
465,4
465,2
464,10
464,7
464,5
464,2
461,6
461,3
461,1
458,5
458,2
458,0
457,14
457,11
457,8
457,6
457,3
457,0
452,3
452,0
451,2
451,0
450,6
450,3
450,0
449,5
449,2
447,7
447,5
447,1
444,12
444,9
444,7
444,4
444,1
443,7
443,4
443,1
442,2
442,0
441,2
440,7
440,5
440,2
438,5
438,3
438,0
437,2
436,8
436,6
436,3
436,0
434,6
434,3
434,0
431,6
431,4
431,1
429,9
429,7
429,4
429,1
425,11
425,9
425,6
425,3
425,1
420,3
420,0
419,3
419,1
418,7
418,4
418,2
414,5
414,2
414,0
413,3
413,0
412,4
412,2
411,6
411,3
411,1
409,3
409,0
408,5
408,3
408,0
405,3
405,1
404,8
404,5
404,2
404,0
401,4
401,1
399,7
399,4
399,1
396,6
396,3
396,0
395,3
395,1
394,5
394,2
394,0
393,9
393,6
393,3
393,1
388,4
388,1
385,5
385,2
382,5
382,2
382,0
379,3
379,0
376,4
376,1
373,4
373,1
370,5
370,2
367,4
367,2
366,5
366,2
366,0
363,3
363,0
360,3
360,1
357,4
357,1
354,7
354,4
354,1
352,4
352,2
351,15
351,12
351,10
351,7
351,4
351,1
350,4
350,1
349,5
349,3
349,0
348,4
348,2
347,9
347,6
347,3
347,1
346,2
345,5
345,3
345,0
344,5
344,2
344,0
343,5
343,2
343,0
341,4
341,1
340,2
340,0
339,1
338,2
338,0
335,2
334,4
334,1
331,4
331,1
330,3
330,1
328,2
326,4
326,2
324,3
324,0
323,1
322,8
322,5
322,2
322,0
321,1
320,3
320,0
319,9
319,6
319,3
319,1
318,2
317,4
317,1
315,4
315,1
314,2
314,0
313,2
312,5
312,3
312,0
311,2
308,3
308,1
306,2
305,3
305,1
304,4
304,1
303,3
303,1
301,3
301,0
300,2
298,16
298,13
298,10
298,8
298,5
298,2
298,0
297,1
296,2
295,3
293,4
293,1
291,2
289,4
289,1
287,2
285,4
285,1
283,1
282,2
280,6
280,3
279,4
279,2
277,3
275,3
274,6
274,4
274,1
273,2
270,5
270,2
269,3
268,4
268,2
266,2
265,3
265,1
263,2
262,2
259,4
259,1
258,2
257,2
256,5
256,2
255,3
255,1
254,3
252,3
251,3
251,1
249,3
247,4
247,2
246,2
245,2
244,2
242,3
241,3
240,3
240,1
239,2
238,4
238,2
237,5
237,2
236,2
235,3
233,3
232,4
232,2
231,5
231,2
230,2
229,4
229,1
228,1
227,4
227,1
226,1
225,2
224,3
223,3
222,3
222,1
221,1
220,1
219,1
218,2
216,3
214,5
214,3
213,4
213,1
212,5
212,2
211,2
210,2
209,3
208,3
207,4
207,2
206,3
204,7
204,4
204,2
203,5
203,2
202,3
201,4
201,1
199,1
198,3
197,4
197,1
196,9
196,6
196,3
196,1
195,1
194,2
191,3
191,1
189,2
187,3
187,1
185,2
183,3
182,4
182,2
179,3
177,4
177,2
176,3
175,3
174,3
174,1
173,1
172,2
171,3
170,11
170,8
170,5
170,3
169,4
169,1
166,2
165,3
163,4
163,2
162,3
161,11
161,8
161,6
161,3
160,3
160,1
159,1
158,2
157,3
157,1
154,4
154,1
153,4
153,1
152,3
150,4
150,2
149,4
149,1
148,3
146,4
146,1
145,2
144,3
143,3
142,4
142,2
140,3
138,4
138,2
137,7
137,4
137,1
135,3
133,4
133,1
131,5
131,2
130,2
129,3
129,1
127,2
125,2
124,4
124,1
123,2
120,4
120,1
118,1
117,2
104,3
102,4
102,1
101,3
100,4
100,1
99,2
98,4
98,1
97,2
96,4
96,1
95,2
94,3
94,1
93,2
92,3
92,1
91,2
90,3
89,4
89,2
88,3
87,3
87,1
86,2
85,2
83,3
82,3
81,3
80,4
80,2
79,3
78,4
78,2
77,2
76,2
75,2
74,4
74,1
73,1
72,2
71,3
70,4
70,1
69,3
68,4
68,1
67,3
66,5
66,2
65,3
64,3
63,4
63,1
62,5
62,2
61,2
60,3
59,3
58,3
57,5
57,3
56,4
56,1
55,3
54,4
54,1
52,2
51,6
51,3
50,4
50,2
49,2
48,3
47,4
47,2
46,3
45,5
45,3
44,4
44,1
42,2
41,3
39,4
39,1
38,3
37,3
35,4
35,2
33,3
32,9
32,6
32,4
32,1
31,2
29,3
28,4
28,1
26,6
26,4
26,1
25,2
24,4
24,1
23,2
21,4
21,1
20,1
19,2
18,4
18,1
17,2
15,5
15,2
14,6
14,3
14,1
13,2
12,13
12,11
12,8
12,5
12,2
11,4
11,1
10,2
9,3
8,3
7,7
0,272
0,548
0,271
0,523
0,270
0,546
0,269
0,373
0,268
0,382
0,267
0,337
0,266
0,381
0,265
0,563
0,264
0,570
0,263
0,527
0,262
0,569
0,261
0,340
0,260
0,351
0,259
0,372
0,258
0,561
0,257
0,256
0,552
0,255
0,568
0,254
0,545
0,253
0,339
0,252
0,326
0,251
0,250
0,335
0,249
0,551
0,248
0,334
0,247
0,522
0,246
0,380
0,245
0,331
0,244
0,379
0,242
0,469
0,241
0,368
0,240
0,560
0,239
0,238
0,502
0,237
0,236
0,348
0,235
0,459
0,234
0,473
0,233
0,518
0,232
0,547
0,231
0,520
0,230
0,322
0,229
0,525
0,228
0,367
0,227
0,536
0,226
0,467
0,225
0,429
0,224
0,366
0,223
0,481
0,222
0,480
0,221
0,457
0,220
0,365
0,219
0,363
0,218
0,217
0,535
0,216
0,567
0,215
0,544
0,214
0,479
0,213
0,456
0,212
0,534
0,211
0,478
0,210
0,543
0,209
0,314
0,208
0,346
0,207
0,477
0,206
0,475
0,205
0,313
0,204
0,415
0,203
0,350
0,202
0,312
0,201
0,345
0,200
0,308
0,199
0,307
0,198
0,455
0,197
0,301
0,196
0,517
0,195
0,542
0,194
0,193
0,516
0,192
0,575
0,63
0,321
0,62
0,330
0,61
0,574
0,60
